methods:
  CTSM:
    hyperparams:
      n_epochs: 1146
      lr: 0.000825443935299117
      batch_size: 256
      sigma: 0.5642305134888792
      eps: 0.0003976618325465019
      integration_steps: 737
    score:
      training_stage: hardcoded_clear_winner
      training_score: 0.591018
      training_trial_id: 38
      training_seed: 1729
      holdout_score: 0.591018
      holdout_seed: 4096
      source_summary: clear-winner gate (gap, spread, no extrema)
  FMDRE_S2:
    hyperparams:
      n_epochs: 1001
      lr: 0.0017516283630018249
      batch_size: 128
      eps: 0.014334183015431712
      integration_steps: 2234
      hidden_dim: 128
      score_weight: 0.1673723216645271
      p_uncond: 0.46196080194721534
    score:
      training_stage: hardcoded_clear_winner
      training_score: 0.931489
      training_trial_id: 9
      training_seed: 1729
      holdout_score: 0.931489
      holdout_seed: 4096
      source_summary: clear-winner gate (gap, spread, no extrema)
  TSM:
    hyperparams:
      n_epochs: 1323
      lr: 0.0010907567936405676
      batch_size: 128
      eps: 5.551378127079014e-05
    score:
      training_stage: hardcoded_clear_winner
      training_score: 0.753112
      training_trial_id: 170
      training_seed: 1729
      holdout_score: 0.753112
      holdout_seed: 4096
      source_summary: clear-winner gate (gap, spread, no extrema)
  TriangularMDRE:
    hyperparams:
      latent_dim: 128
      learning_rate: 0.0028426453624454217
      num_epochs: 269
      midpoint_oversample: 5
      gamma_power: 1.5242413254267717
      num_waypoints: 15
      vertex: 0.7391908994709506
    score:
      training_stage: hardcoded_clear_winner
      training_score: 0.467115
      training_trial_id: 91
      training_seed: 1729
      holdout_score: 0.467115
      holdout_seed: 4096
      source_summary: clear-winner gate (gap, spread, no extrema)
provenance:
  generated_at: '2026-05-05T00:00:00Z'
  workflow_version: v1
  source: clear_winners.py
