methods:
  CTSM:
    hyperparams:
      n_epochs: 1289
      lr: 0.0003955278516718609
      batch_size: 256
      sigma: 0.6514663525074535
      eps: 0.0007110480768752433
      integration_steps: 1145
    score:
      training_stage: hardcoded_clear_winner
      training_score: 0.349368
      training_trial_id: 15
      training_seed: 1729
      holdout_score: 0.349368
      holdout_seed: 4096
      source_summary: clear-winner gate (gap, spread, no extrema)
  TSM:
    hyperparams:
      n_epochs: 1214
      lr: 0.0004998024869834205
      batch_size: 256
      eps: 3.3498230884124737e-06
    score:
      training_stage: hardcoded_clear_winner
      training_score: 0.233437
      training_trial_id: 46
      training_seed: 1729
      holdout_score: 0.233437
      holdout_seed: 4096
      source_summary: clear-winner gate (gap, spread, no extrema)
  TriangularMDRE:
    hyperparams:
      latent_dim: 64
      learning_rate: 0.005620959591751155
      num_epochs: 334
      midpoint_oversample: 7
      gamma_power: 2.9249951543726125
      num_waypoints: 5
      vertex: 0.6585970950737196
    score:
      training_stage: hardcoded_clear_winner
      training_score: 0.152758
      training_trial_id: 41
      training_seed: 1729
      holdout_score: 0.152758
      holdout_seed: 4096
      source_summary: clear-winner gate (gap, spread, no extrema)
  TriangularTSM:
    hyperparams:
      n_epochs: 1010
      lr: 0.0006515421415684888
      batch_size: 256
      hidden_dim: 128
      eps: 1.7388858928236543e-05
      vertex: 0.5202952081219945
      peak_max: 0.6529308024549572
    score:
      training_stage: hardcoded_clear_winner
      training_score: 0.262825
      training_trial_id: 9
      training_seed: 1729
      holdout_score: 0.262825
      holdout_seed: 4096
      source_summary: clear-winner gate (gap, spread, no extrema)
provenance:
  generated_at: '2026-05-05T00:00:00Z'
  workflow_version: v1
  source: clear_winners.py
