experiment: plugin_dre
methods:
  BDRE:
    hyperparams:
      latent_dim: 256
      learning_rate: 0.008343048670519883
      num_epochs: 455
    score:
      mae: 2.429645
      eval: 200broad_holdout
      source: summary/BDRE
      trial_id: 61
  CTSM:
    hyperparams:
      n_epochs: 1332
      lr: 0.0011263681944808474
      batch_size: 256
      sigma: 0.5027611871238511
      eps: 0.0012524472632478776
      integration_steps: 618
    score:
      mae: 5.81637
      eval: 200broad_holdout
      source: rank200/CTSM
      trial_id: 34
  FMDRE:
    hyperparams:
      n_epochs: 709
      lr: 0.0014157676367676385
      batch_size: 512
      eps: 0.043989768047623265
      integration_steps: 1290
      hidden_dim: 256
      score_weight: 0.25803942174140476
    score:
      mae: 0.976284
      eval: 200broad_holdout
      source: rank200_noDRE/FMDRE
      trial_id: 28
  FMDRE_S2:
    hyperparams:
      n_epochs: 1009
      lr: 0.0015295561839809503
      batch_size: 512
      eps: 0.016185996145695002
      integration_steps: 641
      hidden_dim: 256
      score_weight: 0.2519269780611382
      p_uncond: 0.3765024593914133
    score:
      mae: 12.286929
      donor_eval: 200broad_holdout
      donor_experiment: model_selection
      transfer_penalty: null
      source: donor:model_selection/rank200_noDRE/FMDRE_S2
      transferred: true
      transferred_at: '2026-05-07T02:32:22Z'
      donation_reason: 'manual: sample-complexity sibling'
  MDRE_15:
    hyperparams:
      latent_dim: 256
      learning_rate: 0.0071362793272417065
      num_epochs: 146
      num_waypoints: 15
    score:
      mae: 1.499106
      eval: 200broad_holdout
      source: rank200/MDRE_15
      trial_id: 97
  MultiHeadTDRE:
    hyperparams:
      learning_rate: 0.006903432888862565
      num_epochs: 457
      hidden_dim: 16
      head_dim: 40
      num_shared_layers: 2
      num_waypoints: 15
    score:
      mae: 1.221164
      eval: 200broad_holdout
      source: summary/MultiHeadTDRE
      trial_id: 2
  TSM:
    hyperparams:
      n_epochs: 1191
      lr: 0.000755382276687045
      batch_size: 128
      eps: 1.3817029870681041e-05
    score:
      mae: 1.120134
      eval: 200broad_holdout
      source: var200/TSM
      trial_id: 31
  VFM:
    hyperparams:
      n_epochs: 800
      lr: 0.0026768477759992865
      batch_size: 128
      k: 10
      eps: 0.0011533969278578495
      integration_steps: 341
    score:
      mae: 1.609029
      eval: 200broad_holdout
      source: summary/VFM
      trial_id: 4
provenance:
  generated_at: '2026-05-07T02:32:22Z'
  description: gold-standard hyperparameter set per (experiment, method)
  rules:
  - gold yaml rebuilt 2026-05-07T02:32:22Z (incremental edits no longer apply)
